Geneid	Chr	Start	End	Strand	Length	baseMean	log2FoldChange	lfcSE	stat	pvalue	padj	SPT5_T0_R1.raw	SPT5_T0_R2.raw	SPT5_T15_R1.raw	SPT5_T15_R2.raw	SPT5_T0_R1.pseudo	SPT5_T0_R2.pseudo	SPT5_T15_R1.pseudo	SPT5_T15_R2.pseudo
Interval_1	I	33	709	+	677	54.2459899855143	1.92143313242995	0.385524649428438	4.9839436603563	6.23012268934834e-07	0.000135972427695028	79	71	25	27	76.4609686461641	95.3559583686928	21.9345668825415	23.2324660446588
Interval_11	I	70939	73210	+	2272	54.5579808829169	1.56849099831359	0.384334803753856	4.0810537661276	4.48319819706638e-05	0.00205991159265208	69	72	32	31	66.7823650200674	96.6990000358575	28.0762456096532	26.6743128660897
Interval_23	I	229417	230188	+	772	38.2733106535221	2.16054474963945	0.470299995727641	4.59397144219975	4.34888920424931e-06	0.000474572534413706	49	58	14	18	47.4251577678739	77.8964166955518	12.2833574542233	15.4883106964392
Interval_25	II	5639	6536	+	898	33.4807768316545	1.37607316775917	0.451374743012833	3.04862686506154	0.00229889823333284	0.0418112116187409	54	33	20	23	52.2644595809223	44.3203750164347	17.5476535060332	19.7906192232279
Interval_77	II	419308	420022	+	715	19.0315463237984	-2.08243627747134	0.626682302068896	-3.32295370492591	0.000890696952244511	0.0204625905081436	8	5	34	37	7.74288290087737	6.71520833582343	29.8310109602565	31.8370830982361
Interval_168	III	315773	316518	+	746	41.0809157240963	1.42355712668765	0.433499852400456	3.28386992245756	0.00102392169664524	0.0229200933633665	49	54	29	22	47.4251577678739	72.5242500268931	25.4440975837482	18.9301575178701
Interval_169	IV	8	812	+	805	25.8674743940134	1.55359961389946	0.52186778388251	2.97699850782364	0.00291085426836419	0.0483575497350918	30	36	16	14	29.0358108782902	48.3495000179287	14.0381228048266	12.0464638750083
Interval_178	IV	61368	62929	+	1562	33.1327964275763	-2.30952082122948	0.516648598454313	-4.4701966252091	7.8147720012428e-06	0.000758032884120551	13	7	75	52	12.5821847139257	9.40129167015281	65.8037006476246	44.7440086786021
Interval_249	IV	593241	594078	+	838	22.0861398271592	-2.51311996593339	0.622238359982878	-4.03883805235432	5.37166350175569e-05	0.00234473111851636	9	3	44	43	8.71074326348705	4.02912500149406	38.6048377132731	36.9998533303825
Interval_251	IV	595958	596923	+	966	9.68871777844747	-4.01174723254707	1.22505395755258	-3.27475145712093	0.001057549726228	0.0230810227749261	1	1	18	24	0.967860362609672	1.34304166716469	15.7928881554299	20.6510809285856
Interval_254	IV	635639	636660	+	1022	28.8495506757697	-1.90456173086917	0.537535031596818	-3.54313973772355	0.000395393132103254	0.0111347807847142	9	12	64	40	8.71074326348705	16.1165000059762	56.1524912193063	34.4184682143093
Interval_282	IV	954157	955922	+	1766	23.9159301045237	-2.08100373383522	0.589923068630789	-3.52758494199122	0.000419369181886549	0.0114409154933424	14	3	38	52	13.5500450765354	4.02912500149406	33.3405416614631	44.7440086786021
Interval_350	IV	1506804	1507893	+	1090	39.6756872876767	-1.720494836207	0.455931451189928	-3.77358226048393	0.000160920126249602	0.00585346959232927	20	13	84	56	19.3572072521934	17.4595416731409	73.7001447253396	48.185855500033
Interval_352	IV	1524821	1525639	+	819	59.0558223131832	1.81369993064046	0.373206566750248	4.85977496707394	1.17519256395804e-06	0.000205188621667073	82	78	28	32	79.3645497339931	104.757250038846	24.5667149084465	27.5347745714475
Interval_353	IX	0	245	+	246	14.0420420288923	3.25932748913896	0.883181097328185	3.69044072501	0.000223865851453364	0.00751672647379948	11	30	4	2	10.6464639887064	40.2912500149406	3.50953070120665	1.72092341071547
Interval_396	IX	338270	339297	+	1028	18.078772821617	2.05012774994455	0.679808200861581	3.01574436340462	0.00256349284744302	0.0456720256289339	16	32	5	11	15.4857658017547	42.97733334927	4.38691337650831	9.46507875893506
Interval_410	IX	438914	439863	+	950	63.9061882542075	1.46309306857023	0.364337090790863	4.01576755579375	5.92526341844853e-05	0.00246321664966932	79	83	34	44	76.4609686461641	111.472458374669	29.8310109602565	37.8603150357402
Interval_412	MT	13931	16652	+	2722	74.2936862203516	2.828590181261	0.38311088367865	7.3832154129915	1.54511730120358e-13	1.34888740395072e-10	107	117	20	22	103.561058799235	157.135875058268	17.5476535060332	18.9301575178701
Interval_413	MT	18041	21414	+	3374	61.2912375782305	2.43269809000844	0.380021666535914	6.40147208495686	1.53885951859882e-10	5.10765983718856e-08	100	82	23	21	96.7860362609672	110.129416707504	20.1798015319382	18.0696958125124
Interval_414	MT	25955	26695	+	741	15.6088370212894	2.31781491337496	0.680372524121053	3.40668506031935	0.000657569553448116	0.0162355822213576	26	20	5	7	25.1643694278515	26.8608333432937	4.38691337650831	6.02323193750413
Interval_416	MT	36598	36986	+	389	12.8035189959914	3.12464267096656	0.846609644354992	3.69077141017823	0.000223574990834308	0.00751672647379948	17	22	3	3	16.4536261643644	29.5469166776231	2.63214802590498	2.5813851160732
Interval_420	MT	59632	62582	+	2951	59.2991170853894	2.61844446957871	0.410326959349644	6.38136103396392	1.75520956604418e-10	5.10765983718856e-08	86	90	23	15	83.2359911844318	120.873750044822	20.1798015319382	12.906925580366
Interval_422	MT	73714	74469	+	756	22.9342009908533	2.58095620025089	0.603072985614897	4.27967470242317	1.87166672309367e-05	0.00136163754105065	30	37	6	9	29.0358108782902	49.6925416850934	5.26429605180997	7.7441553482196
Interval_424	MT	79258	79960	+	703	37.8621440899331	2.20021701264422	0.472903532011081	4.65257047941158	3.27822636170241e-06	0.000422289207906393	51	56	12	19	49.3608784930933	75.2103333612225	10.5285921036199	16.3487724017969
Interval_510	VI	4240	5557	+	1318	76.0140987853924	1.60779496060642	0.346067869602194	4.64589492938071	3.38605321345332e-06	0.000422289207906393	94	103	44	42	90.9788740853091	138.333291717963	38.6048377132731	36.1393916250248
Interval_524	VI	106239	107738	+	1500	50.4853132951435	-1.22256198368642	0.392341926551106	-3.11606254889298	0.00183283391599062	0.035556977970218	32	22	69	94	30.9715316035095	29.5469166776231	60.5394045958146	80.8834003036269
Interval_537	VII	8	569	+	562	41.4979002435754	1.48463860794833	0.42878888536809	3.46239993295034	0.000535380958264648	0.0137466934283835	53	53	29	21	51.2965992183126	71.1812083597284	25.4440975837482	18.0696958125124
Interval_616	VII	653902	655024	+	1123	25.8768563848457	-1.57820718674187	0.533401560075288	-2.95875997535349	0.00308879580935385	0.0499355322512206	13	10	54	35	12.5821847139257	13.4304166716469	47.3786644662897	30.1161596875207
Interval_674	VII	1083574	1084509	+	936	51.5853687240301	1.33982612440221	0.381399636198519	3.51291925119936	0.000443212151803389	0.0117249760158896	67	62	34	33	64.846644294848	83.2685833642106	29.8310109602565	28.3952362768052
Interval_675	VIII	13	419	+	407	29.6763184150115	2.22687487984326	0.504204881740068	4.41660713826899	1.00262216262132e-05	0.000875289147968408	47	39	11	13	45.4894370426546	52.3786250194228	9.65120942831828	11.1860021696505
Interval_697	VIII	174666	175422	+	757	22.4115339337387	-1.78690426392585	0.56802954869162	-3.14579455952907	0.00165636308847771	0.0336280227032799	11	7	45	35	10.6464639887064	9.40129167015281	39.4822203885748	30.1161596875207
Interval_709	VIII	280214	281462	+	1249	38.2141424350985	-1.8715833508529	0.453631703551951	-4.1257772245598	3.69484801537716e-05	0.00179200128745792	16	13	69	69	15.4857658017547	17.4595416731409	60.5394045958146	59.3718576696836
Interval_734	VIII	450541	453437	+	2897	71.6605149889894	1.23019732611001	0.361634435545164	3.40177042115883	0.000669508545210621	0.0162355822213576	75	96	47	51	72.5895271957254	128.93200004781	41.2369857391781	43.8835469732444
Interval_747	VIII	556196	557046	+	851	52.7636993626658	1.31645000973396	0.414484144403685	3.17611669229936	0.00149260897111885	0.0317816495557746	52	75	37	32	50.3287388557029	100.728125037352	32.4631589861615	27.5347745714475
Interval_843	X	745026	745638	+	613	28.4530091346434	1.93871983236936	0.501353001787594	3.86697561489964	0.000110193441621266	0.00418255976240717	42	37	14	13	40.6501352296062	49.6925416850934	12.2833574542233	11.1860021696505
Interval_844	XI	50	788	+	739	48.5674355894521	1.64603583042232	0.394810917916128	4.16917505501203	3.05704125804144e-05	0.00156988059898246	69	60	26	28	66.7823650200674	80.5825000298812	22.8119495578432	24.0929277500165
Interval_889	XI	368881	369722	+	842	22.3766614002963	-2.6523246053013	0.626275797675677	-4.23507441153718	2.28476035261898e-05	0.0014249469523533	7	4	46	43	6.7750225382677	5.37216666865875	40.3596030638764	36.9998533303825
Interval_917	XI	665993	666803	+	811	62.1435217085532	1.90666040087806	0.641027476848851	2.97438170708498	0.00293579626112241	0.0483575497350918	60	103	32	28	58.0716217565803	138.333291717963	28.0762456096532	24.0929277500165
Interval_918	XII	35	304	+	270	28.6378392679398	1.76427485932768	0.491023615355506	3.59305500622477	0.000326823561717287	0.00983851618548936	47	32	16	14	45.4894370426546	42.97733334927	14.0381228048266	12.0464638750083
Interval_919	XII	5549	5980	+	432	32.2829075720796	1.9025330871099	0.521968412465565	3.64491996387888	0.000267475028903108	0.00854318421271096	32	53	18	13	30.9715316035095	71.1812083597284	15.7928881554299	11.1860021696505
Interval_920	XII	11010	11851	+	842	46.171814404238	1.84114033146383	0.440853554691194	4.17630823631103	2.96278287136292e-05	0.00156988059898246	51	71	23	23	49.3608784930933	95.3559583686928	20.1798015319382	19.7906192232279
Interval_939	XII	232297	234932	+	2636	50.711064679545	1.24107453798651	0.41622331681138	2.98175159309714	0.00286604444290597	0.0483575497350918	52	69	28	41	50.3287388557029	92.6698750343634	24.5667149084465	35.278929919667
Interval_944	XII	320153	320733	+	581	11.0747369802209	-2.74134649630737	0.912203471865751	-3.00519191261181	0.00265413326889409	0.0463411668748908	2	3	28	16	1.93572072521934	4.02912500149406	24.5667149084465	13.7673872857237
Interval_1024	XII	954085	955383	+	1299	30.814939494197	-1.53315579347654	0.49518922968309	-3.09610084705946	0.00196083660466729	0.0371074235672332	21	8	58	48	20.3250676148031	10.7443333373175	50.8881951674964	41.3021618571712
Interval_1031	XII	1064261	1065458	+	1198	83.8228578684633	1.28280289086393	0.323476583604055	3.96567466050067	7.31886353340082e-05	0.00290425812029951	103	103	53	59	99.6896173487962	138.333291717963	46.5012817909881	50.7672406161062
Interval_1037	XIII	24850	26828	+	1979	34.5944231175098	1.57121935265147	0.49806497337466	3.15464735856771	0.00160692205551507	0.0334010227253489	42	47	11	29	40.6501352296062	63.1229583567403	9.65120942831828	24.9533894553743
Interval_1094	XIII	477319	478902	+	1584	21.2222409789636	-2.15227709141709	0.601775162851204	-3.57654689704977	0.000348162879562847	0.0101315397952789	9	5	37	43	8.71074326348705	6.71520833582343	32.4631589861615	36.9998533303825
Interval_1127	XIII	773010	775844	+	2835	66.7912168690055	-1.16361066071957	0.343339152976504	-3.3890998175766	0.000701224795078362	0.0165451147595516	46	28	104	109	44.5215766800449	37.6051666806112	91.2477982313728	93.7903258839929
Interval_1145	XIII	923374	924306	+	933	54.7692809745977	1.58983002066886	0.375399300982895	4.23503724302698	2.28513829701561e-05	0.0014249469523533	88	59	27	36	85.1717119096511	79.2394583627165	23.6893322331449	30.9766213928784
Interval_1146	XIV	6570	7336	+	767	51.0799692184598	1.6061279108475	0.384855034780605	4.17333220484723	3.00176755834472e-05	0.00156988059898246	73	62	29	29	70.653806470506	83.2685833642106	25.4440975837482	24.9533894553743
Interval_1174	XIV	273808	274372	+	565	9.75363962513429	-3.41314012834594	1.08989908749065	-3.13161114411448	0.00173849968522272	0.0344934142090781	2	1	27	14	1.93572072521934	1.34304166716469	23.6893322331449	12.0464638750083
Interval_1240	XIV	783383	784245	+	863	39.3162216791239	1.62463260677342	0.446485993773197	3.63870900639873	0.000274008199262207	0.00854318421271096	48	54	25	19	46.4572974052642	72.5242500268931	21.9345668825415	16.3487724017969
Interval_1241	XV	3	903	+	901	60.624345716899	1.62913336938494	0.375960721691854	4.33325418159031	1.46921313037004e-05	0.00116602096619368	80	79	27	41	77.4288290087737	106.10029170601	23.6893322331449	35.278929919667
Interval_1261	XV	158704	162158	+	3455	95.6476393459587	0.985554948434905	0.318891579434071	3.09056435476893	0.00199776507177544	0.0371074235672332	105	114	81	66	101.625338074016	153.106750056774	71.0679966994346	56.7904725536104
